
chain -2 unperturb
0	0.101891 	750654672 		
1	0.099232 	811016450 	
2	0.140206 	1130908460 		
3	0.130707 	1068653388
4	0.139825 	1152599048 		
5	0.126232 	1019583840 		
6	0.121548 	973402830 		
7	0.121522 	979107824 		
8	0.110458 	867783204 		
9 	0.112590 	894899232 		
10 	0.124695 	1011994872 		
11	0.106382 	867750312 		
12	0.112451 	906267008 		
13	0.093955 	757945544 		

		  min_flops 0 takes 0.101891 s 
		  min_time  13 takes 0.093955 s 
		  deviation is =0.084466 

chain-2 unpertub (2)


0 	0.090527 	750654672 		
1 	0.096886 	811016450 		
2 	0.133695 	1130908460 		
3 	0.126657 	1068653388 		
4 	0.137426 	1152599048 		
5 	0.122484 	1019583840 		
6 	0.116337 	973402830 		
7 	0.122186 	979107824 		
8 	0.113717 	867783204 		
9 	0.109312 	894899232 		
10 	0.123241 	1011994872 		
11 	0.105787 	867750312 		
12 	0.110508 	906267008 		
13 	0.091250 	757945544 		

		  min_flops 0 takes 0.090527 s 
		  min_time  0 takes 0.090527 s 
		  deviation is =0 



  chain-2 unperturb (3)


0 	0.102252 	750654672 		
1 	0.114649 	811016450 		
2 	0.145311 	1130908460 		
3 	0.129112 	1068653388 		
4 	0.139820 	1152599048 		
5 	0.129094 	1019583840 		
6 	0.120107 	973402830 		
7 	0.120611 	979107824 		
8 	0.107226 	867783204 		
9 	0.110580 	894899232 		
10 	0.123456 	1011994872 		
11 	0.105604 	867750312 		
12 	0.110942 	906267008 		
13 	0.093701 	757945544 		

		  min_flops 0 takes 0.102252 s 
		  min_time  13 takes 0.093701 s 
		  deviation is =0.091258 















chnain-1 unperturb (1)


0		0.051306 		315546400
1		0.065909 		381877520 
2 		0.247766 		2035692000
3 		0.180365 		1487556000 
4 		0.361984 		3036224000
5 		0.118680 		977537120 
6	    0.088250 		708569520 
7 		0.185151 		1548640000
8 		0.061688 		490485120 
9 		0.122389 		982219200 
10 		0.215232 		1741464000 
11 		0.131261 		1074791200
12 		0.140059 		1160864000 
13 		0.042321 		332189860 

		  min_flops 0 takes 0.051306 s 
		  min_time  13 takes 0.042321 s 
		  deviation is =0.212306 

chnain-1 unperturb (2)

0 		0.042322 		315546400 			
1 		0.054053 		381877520 		
2 		0.255563 		2035692000 		
3 		0.187326 		1487556000 			
4 		0.381132 		3036224000 			
5 		0.120140 		977537120 			
6 		0.087574 		708569520 			
7 		0.189211 		1548640000 			
8 		0.061826 		490485120 			
9 		0.151340 		982219200 			
10 		0.274111 		1741464000 			
11 		0.178278 		1074791200 			
12 		0.181404 		1160864000 			
13 		0.045157 		332189860 			

		  min_flops 0 takes 0.042322 s 
		  min_time  0 takes 0.042322 s 
		  deviation is =0 




chnain-1 unperturb (3)

0 		0.055871 		315546400 			
1 		0.056499 		381877520 			
2 		0.261406 		2035692000 			
3 		0.206040 		1487556000			
4 		0.387012 		3036224000			
5 		0.131321 		977537120 			
6 		0.092505 		708569520 			
7 		0.196337 		1548640000 			
8 		0.066044 		490485120 			
9 		0.128545 		982219200			
10 		0.226485 		1741464000 			
11 		0.137919 		1074791200			
12 		0.146254 		1160864000 			
13 		0.044547 		332189860 			
		  min_flops 0 takes 0.055871 s 
		  min_time  13 takes 0.044547 s 
		  deviation is =0.254203 
